1 0.510835282958199 0.185278833333333 0.308796938906752 0.27436004
0 0.298983279742765 0.643884 0.0640893890675241 0.0680471111111111
0 0.402829903536978 0.622766888888889 0.0601292604501608 0.0681346666666667
0 0.506803215434084 0.611994888888889 0.0561691318327974 0.0636026666666667
0 0.606198713826367 0.619646888888889 0.064216077170418 0.0689884444444444
0 0.385263344051447 0.736770444444444 0.052335691318328 0.0636902222222222
0 0.478845659163987 0.729074444444444 0.0614913183279743 0.070784
0 0.562036977491961 0.731811333333333 0.0602559485530547 0.0751404444444445
0 0.641822508038585 0.751089111111111 0.0601292604501608 0.0698422222222222
0 0.696438774919614 0.797767777777778 0.0628540192926045 0.070784
0 0.699654340836013 0.641147111111111 0.0536983922829582 0.0547137777777778
