0 0.0847916666666667 0.118283898305085 0.0567658844444444 0.127346691525424
0 0.150898288888889 0.319270694915254 0.0835937555555556 0.193327213559322
0 0.0547955111111111 0.549240874576271 0.08730592 0.214263471186441
1 0.194066315555556 0.528653827118644 0.0896723955555556 0.205817355932203
0 0.277858615555556 0.761652383050847 0.161160408888889 0.376460847457627
0 0.173492062222222 0.156352745762712 0.0723525066666667 0.145069396610169
0 0.260185842222222 0.140080823728814 0.0623579511111111 0.132460244067797
0 0.231649831111111 0.357445016949153 0.08296456 0.212824874576271
0 0.336649304444444 0.351456566101695 0.0835646088888889 0.186882420338983
1 0.426228955555556 0.423203786440678 0.0740053511111111 0.18436146440678
0 0.50997666 0.406618681355932 0.0838494888888889 0.229913545762712
0 0.367351235555556 0.189268213559322 0.0618405422222222 0.144747152542373
0 0.313202613333333 0.0874177457627119 0.0529571822222222 0.103637416949153
0 0.401975306666667 0.175517888135593 0.0642237022222222 0.130388149152542
0 0.385833333333333 0.0788135593220339 0.0465800088888889 0.100219471186441
0 0.541452991111111 0.159582789830508 0.0572475244444444 0.11943673220339
0 0.58156156 0.24910673220339 0.06812324 0.149067776271186
1 0.701020671111111 0.418831294915254 0.0598748711111111 0.146309776271186
0 0.545256408888889 0.0537157728813559 0.0426357422222222 0.105481545762712
0 0.695609317777778 0.0939037694915254 0.0557325244444444 0.123725722033898
0 0.810442053333333 0.167997081355932 0.0594763288888889 0.122128806779661
0 0.891313131111111 0.36530926440678 0.08381332 0.19797953220339
0 0.887373735555556 0.174268105084746 0.0549841466666667 0.131020894915254
0 0.768790848888889 0.0476071762711864 0.0397203422222222 0.0787621830508475
