0 0.405770415647922 0.219642222222222 0.152156479217604 0.224030666666667
1 0.0717994767726161 0.613043111111111 0.0572909535452323 0.0744097777777778
0 0.795530418092909 0.516998444444444 0.0610899755501223 0.0844488888888889
0 0.584543276283619 0.499245333333333 0.0621770171149144 0.0786426666666667
0 0.623621760391198 0.365869333333333 0.063838630806846 0.0830902222222222
0 0.0464547677261614 0.295099333333333 0.0563139364303178 0.0650493333333333
0 0.159070904645477 0.140928 0.0538567237163814 0.0662057777777778
0 0.0971537897310513 0.333394444444444 0.0626914425427873 0.0775346666666667
0 0.708834718826406 0.211391111111111 0.0494699266503668 0.0722488888888889
0 0.143278728606357 0.422460444444444 0.0536919315403423 0.0691311111111111
