1 0.375741648106904 0.289152519893899 0.168239643652561 0.33297400530504
0 0.162061692650334 0.449599596816976 0.06243429844098 0.101834482758621
1 0.958425389755011 0.586983819628647 0.0670075723830735 0.116059734748011
1 0.720207572383074 0.564569230769231 0.0591973273942094 0.109757559681698
1 0.665743875278396 0.521670026525199 0.0637951002227171 0.105048806366048
0 0.657112472160356 0.452556763925729 0.054358574610245 0.0857931034482759
0 0.881814031180401 0.485438461538462 0.0602240534521158 0.0890370026525199
0 0.756469710467706 0.504334604774536 0.0569812917594655 0.0965366631299735
0 0.500358574610245 0.347120421750663 0.0273207126948775 0.0434394854111406
0 0.561256124721604 0.392989655172414 0.0498993318485523 0.0719862068965517
0 0.0749438752783964 0.642536074270557 0.0772169265033408 0.124746419098143
0 0.951968819599109 0.460054376657825 0.0536547884187082 0.0856928381962865
0 0.615389977728285 0.451680106100796 0.046343429844098 0.0707023872679045
0 0.652918485523385 0.390852785145889 0.0307220489977728 0.0445320954907162
0 0.809869933184855 0.462323872679045 0.0564369710467706 0.0847114058355438
0 0.913184187082405 0.529683023872679 0.055419153674833 0.0857257294429708
0 0.832962138084632 0.518567639257294 0.0656712694877506 0.0927066312997347
0 0.895101336302895 0.423353228116711 0.0442053452115813 0.0630042440318302
0 0.908831848552338 0.379310344827586 0.0347612472160356 0.0516318302387268
0 0.727162583518931 0.398076039787798 0.0266628062360802 0.0395145888594164
0 0.910612694877506 0.593211936339523 0.0560721603563474 0.0915596816976127
