0 0.482733068965517 0.295942895555556 0.324027275862069 0.377353666666667
0 0.174151123563218 0.463390022222222 0.0616844827586207 0.0592120844444444
0 0.252206635057471 0.459808977777778 0.0588858563218391 0.06025008
0 0.32600575 0.46315432 0.0585196666666667 0.0561254888888889
0 0.630626554597701 0.472331002222222 0.0499715517241379 0.0533881733333333
0 0.704678367816092 0.464282 0.0498521034482759 0.0523679911111111
0 0.754044551724138 0.461709857777778 0.0505690344827586 0.0523506488888889
0 0.843218393678161 0.463138888888889 0.0586724137931034 0.0575204888888889
0 0.914645103448276 0.468080262222222 0.055348408045977 0.06044
0 0.963063735632184 0.467847913333333 0.0511945459770115 0.0509630222222222
