0 0.0971469333333333 0.142223971279373 0.112920777777778 0.210385749347258
0 0.0999447577777778 0.473248660574413 0.110776031111111 0.188161190600522
0 0.0964960711111111 0.813047305483029 0.10431568 0.207947488250653
0 0.296201206666667 0.140400731070496 0.113077702222222 0.193909561357702
0 0.299280473333333 0.484697519582245 0.123945235555556 0.225414558746736
0 0.296287897777778 0.804983725848564 0.116041942222222 0.192161785900783
0 0.500229062222222 0.145466300261097 0.116169106666667 0.200814751958225
0 0.501549595555556 0.469753809399478 0.118063582222222 0.208168485639687
0 0.501378217777778 0.811482046997389 0.112943711111111 0.203485477806789
0 0.69974678 0.157134161879896 0.104613564444444 0.211185984334204
0 0.704846091111111 0.469167754569191 0.116050524444444 0.20651365535248
0 0.700744924444444 0.814231934725849 0.109459284444444 0.212205650130548
0 0.903791146666667 0.151107430809399 0.116759324444444 0.208267331592689
0 0.910402006666667 0.482181062663185 0.111330533333333 0.206171054830287
0 0.900006255555556 0.823382203655353 0.137559671111111 0.263168381201044
