1 0.228347661469933 0.483569551282051 0.160158574610245 0.321
0 0.362401781737194 0.45448782051282 0.0540614699331848 0.0992846153846154
0 0.515987908685969 0.413435256410256 0.0341639198218263 0.0844679487179487
0 0.0233739420935412 0.390158974358974 0.0243750556792873 0.0480019230769231
0 0.0743483296213808 0.480769230769231 0.0322873051224944 0.0569121794871795
0 0.0949126948775056 0.485034615384615 0.0366369710467706 0.0553903846153846
0 0.437533407572383 0.474831730769231 0.0335198218262806 0.0676378205128205
0 0.39123986636971 0.421619230769231 0.0457416481069042 0.0733980769230769
0 0.452835857461024 0.426890064102564 0.0280031180400891 0.047924358974359
0 0.65241714922049 0.438514423076923 0.032743429844098 0.0703555705128205
0 0.779196826280624 0.407485256410256 0.0555936881959911 0.118667307692308
0 0.843116703786192 0.339663461538461 0.0846440979955457 0.181410256410256
