1 0.73392726 0.52826 0.227205591111111 0.462045911227154
0 0.597317435555555 0.241936002610966 0.197333817777778 0.404770819843342
0 0.0769645977777778 0.205940976501305 0.07861352 0.122386114882507
0 0.0486531977777778 0.31736562924282 0.0882110177777778 0.134986229765013
1 0.384692971111111 0.372575563968668 0.110904106666667 0.198284684073107
0 0.360124715555556 0.204934190600522 0.05599704 0.0827848825065274
0 0.306365184444444 0.232158874673629 0.0453850133333333 0.0596979268929504
0 0.952926371111111 0.219245650130548 0.0272972888888889 0.0542029190600522
1 0.142258937777778 0.371574775456919 0.130480377777778 0.221434976501305
0 0.463955555555556 0.311753699738903 0.0893430044444444 0.137894302872063
