0 0.233707793333333 0.278825262658228 0.163876244444444 0.387465582278481
0 0.475507444444444 0.368530158227848 0.118795875555556 0.26396464556962
0 0.618678806666667 0.437508382911392 0.130557453333333 0.306736917721519
0 0.724268722222222 0.195476955696203 0.103815128888889 0.258066417721519
0 0.660738435555556 0.151857379746835 0.0886727688888889 0.191456018987342
0 0.0278042333333333 0.126517696202532 0.0472860666666667 0.0990716708860759
0 0.0971882088888889 0.0924954778481013 0.0459887866666667 0.0931482911392405
0 0.126869657777778 0.127457094936709 0.0436051688888889 0.0826274810126582
1 0.1423007 0.241770974683544 0.0648583066666667 0.137051170886076
1 0.341923157777778 0.219377734177215 0.0570789333333333 0.123885170886076
0 0.0812709488888889 0.425408053797468 0.145006764444444 0.321104512658228
0 0.560326937777778 0.149260477848101 0.0536988 0.0954512405063291
1 0.559979613333333 0.215226164556962 0.0502027955555556 0.0926306202531646
0 0.91752364 0.161437291139241 0.0675938044444444 0.148607405063291
