0 0.237707228888889 0.194180803519062 0.0983982711111111 0.181549478005865
0 0.3861269 0.231631137829912 0.112893835555556 0.227693436950147
0 0.72893322 0.502305105571847 0.245744782222222 0.492289782991202
0 0.554224868888889 0.213115228739003 0.0716053466666667 0.135782023460411
0 0.664094353333333 0.219031439882698 0.0745090355555556 0.130907560117302
0 0.642583977777778 0.110713284457478 0.0600144 0.103039085043988
0 0.714931773333333 0.107136730205279 0.0475285155555556 0.089824504398827
0 0.759794377777778 0.108738404692082 0.0736620933333333 0.125804815249267
0 0.902715315555556 0.324124360703812 0.152500684444444 0.293657372434018
0 0.835306266666667 0.0620206392961877 0.0497709777777778 0.0865846627565982
0 0.896287075555556 0.117123583577713 0.0580998177777778 0.100386580645161
0 0.766042446666667 0.0442271554252199 0.0455834666666667 0.077369431085044
