0 0.343475811111111 0.192366496 0.17189744 0.282207909333333
0 0.817970991111111 0.276530093333333 0.1727042 0.307361354666667
0 0.0256944444444444 0.170666666666667 0.04220004 0.0789164746666667
0 0.0651333333333333 0.04496 0.0381997777777778 0.06220448
0 0.125130604444444 0.162975437333333 0.0286496044444444 0.0558658133333333
0 0.151534391111111 0.176126984 0.0292819733333333 0.0550262773333333
0 0.103461988888889 0.337656141333333 0.0433812666666667 0.0780156693333333
0 0.0482187866666667 0.514164949333333 0.0493599555555556 0.0805647946666667
0 0.595333331111111 0.356114285333333 0.0408176266666667 0.070814368
0 0.69351518 0.498159962666667 0.0616587777777778 0.104025962666667
0 0.6675 0.053 0.0412121377777778 0.068253904
0 0.743609426666667 0.373268688 0.0413970266666667 0.0594013973333333
1 0.971163397777778 0.232031373333333 0.04850136 0.0750215946666667
0 0.515555555555556 0.074105264 0.0398832666666667 0.0634050826666667
