1 0.257725471698113 0.468759333333333 0.202125157232704 0.211605777777778
0 0.550314465408805 0.452923777777778 0.21868427672956 0.243854222222222
1 0.750204402515723 0.608524888888889 0.182030817610063 0.188341777777778
0 0.866238364779874 0.384832888888889 0.182653459119497 0.202346222222222
0 0.760310062893082 0.335001333333333 0.176608805031447 0.198905777777778
0 0.386274213836478 0.229234222222222 0.148857232704403 0.157004888888889
0 0.254270440251572 0.183418444444444 0.142483647798742 0.142831551111111
0 0.55472641509434 0.215092 0.148281132075472 0.155781404444444
0 0.800523270440252 0.0544226666666667 0.0954446540880503 0.0935248888888889
1 0.439356918238994 0.150003555555556 0.117188679245283 0.117320444444444
